17 
15 
9 18 
10 
7 
17 
19 
13 
20 
20 
14 
8 11 
14 15 
12 13 15 18 
9 
20 
20 
15 
12 
13 20 
12 
14 
18 
18 
14 
16 20 
14 16 
18 
14 
5 15 
20 
13 
10 
10 
16 
12 
11 
20 
14 
15 
18 
7 17 
9 11 
11 19 
12 20 
12 17 
20 
17 
15 
10 
12 17 
9 
17 
13 
15 16 
16 19 
16 
11 
11 
6 
18 
12 
17 
16 
17 
15 
13 
16 
20 
17 
20 
17 
10 
20 
15 19 
7 11 13 
15 
18 
16 16 19 
16 
15 
12 13 
15 19 14 
11 20 
14 18 
19 
10 
15 
19 
14 20 
15 
20 
8 18 
19 
20 
13 
7 
10 20 
19 
20 
11 
17 
15 
19 
12 20 
16 
20 
12 19 
20 
11 
11 14 19 
17 
6 16 
20 
18 
20 
15 16 19 
15 
19 
4 6 16 
16 
17 
13 
10 
19 
20 
16 
18 
14 
13 
14 
10 
11 
12 
13 
5 16 15 16 
16 
12 
16 
16 18 
15 
17 
20 17 
9 19 
16 
14 
14 16 
16 18 19 20 
19 
19 
19 
11 
20 
17 
13 
20 
13 
7 
13 
6 16 
13 
15 20 
10 16 
18 
10 
18 18 
15 
11 
7 14 
12 
12 
13 20 
13 17 
14 19 
17 
16 
20 
13 
9 19 
20 
13 
16 
16 
13 20 
18 
11 
19 
10 20 
15 
11 
12 
13 16 13 17 
14 
20 
14 
11 20 
10 
11 14 15 
20 
14 
14 
5 13 
12 
16 
19 
20 
13 
10 
12 15 
6 9 12 19 
13 
20 
12 15 20 
20 
13 17 
14 19 
20 
14 
15 
20 
11 
13 
15 
11 
5 16 
11 
16 
10 
19 
20 
6 10 
15 
15 
16 
10 
19 
18 
17 
13 
16 
12 
12 
19 
9 13 17 18 
16 
17 
19 
14 
17 
20 
11 15 
8 10 16 
8 
17 
20 
20 
11 19 
14 
12 
19 
13 
16 17 
14 13 19 
20 13 
16 
12 14 
12 
17 
9 14 15 
12 
19 
8 18 
20 
19 
20 
17 
19 
10 20 
20 
9 18 
14 14 20 
19 
20 
8 18 
11 
13 
12 
19 
13 
19 
7 17 
15 
20 
12 
15 
10 18 
16 
10 20 
11 
16 
8 
16 
20 
9 19 20 
16 
7 17 
13 16 19 
14 
20 
12 16 
11 13 
8 14 18 
6 16 
19 
12 
20 18 
20 
6 17 
12 
5 15 
20 
7 17 19 
12 
12 
19 
19 
20 
12 
9 19 
15 
15 
13 
6 16 
8 15 
17 18 20 
12 20 
17 
14 
11 
12 14 16 20 
20 
18 
20 
15 
18 
9 18 
11 18 
11 20 
18 
17 
11 
20 
18 
15 17 
15 20 
20 
17 
19 
8 
9 
18 
19 
12 
15 
16 
12 15 
14 19 
16 
20 
11 
18 
20 
16 20 
14 
12 
17 
17 
11 
19 
10 18 
19 
20 
10 15 
18 
20 
16 
18 
10 20 
11 
15 
15 
20 
19 
13 
20 
20 
16 
8 18 
11 
14 
13 
12 
13 
12 16 
19 
20 
13 
11 
16 
16 
18 
20 
19 
18 
16 
15 
14 
17 
6 12 
9 16 
18 
12 18 
12 20 
11 
7 13 
13 17 
18 
10 20 
14 19 
16 14 
10 
10 
5 8 18 
14 
17 
20 
16 
15 17 
12 15 
12 
20 
10 
7 13 
5 12 
14 
20 
20 
19 
13 
11 
12 
20 
18 
14 19 
20 
19 
9 19 
20 
20 
8 11 
16 
19 
15 
14 
19 
11 
15 
7 11 
20 
13 
19 
13 
9 19 
11 
20 
18 
14 
12 19 
14 
8 18 
18 
18 
12 12 17 20 
11 
15 
17 20 
20 
12 
19 
4 8 18 
20 
13 
12 14 19 
13 18 
19 
17 
18 
16 15 
14 
11 13 16 
17 
20 
18 
18 
15 17 
14 
19 
13 14 14 
15 
16 
20 
11 
13 
19 
11 
17 
20 
20 
18 
13 
15 
15 19 19 
12 
19 
15 18 
4 15 
18 
12 
20 
14 
7 11 
11 
20 
6 13 
15 
20 
11 
14 19 
20 
14 
16 16 20 
19 
20 
13 15 
14 19 
14 20 
19 
15 
20 
18 
20 
19 
6 
18 
14 
6 10 12 
13 
18 
19 
11 20 
17 
19 
20 
20 
9 11 
10 12 18 
15 
13 
14 
13 
12 
11 
18 
10 20 
12 
11 
17 
15 
7 9 18 
13 
12 
13 
11 
18 
10 16 18 
15 17 
14 
9 19 
15 
15 
5 10 20 
11 
18 
15 19 
20 
5 16 
19 
17 
7 14 18 20 
14 
11 
12 
19 
18 
18 
14 13 19 
17 
20 
13 
18 
16 
17 
16 
13 
20 
12 
10 16 19 
10 20 
10 20 
18 
20 
12 
18 
15 
13 19 
12 
16 18 20 
18 
10 20 
12 
9 12 
18 
11 
19 
14 15 20 
13 
16 
16 
19 
6 16 
16 
17 
14 
7 17 
10 
11 
6 16 
5 11 
17 19 
16 19 
12 
9 18 
6 17 
10 
12 
9 11 13 
15 20 
16 
11 20 
20 
12 
5 15 
9 16 
14 
17 
20 
18 
20 
13 
11 20 
20 
16 
14 
14 
12 
20 
10 
19 
5 13 
14 16 
14 
17 
18 
15 
13 
20 
11 
16 
18 
15 
20 
12 
8 16 
8 
7 13 
5 9 
14 
17 
18 
19 
15 
17 
19 
13 19 
12 
8 16 
11 
17 
12 15 
13 17 
19 
18 
18 
12 18 
11 14 20 
10 19 
7 18 18 
18 
19 
16 16 20 
13 13 18 
17 
20 
5 13 
11 
12 17 20 
18 19 12 20 
19 
16 
11 20 
18 
20 
12 
16 
19 
12 
14 18 18 
16 
20 
18 
17 
18 
17 19 
20 
15 
20 
9 19 
12 
20 
17 
12 
19 
19 
12 
20 
20 
11 
10 20 
15 
19 
9 13 
14 
12 17 
8 19 20 18 
20 
20 12 16 
20 
19 
18 
16 20 
15 
8 17 
17 
18 
15 
19 
18 
11 
16 
20 
12 18 
17 
14 14 
12 16 
15 
20 
19 
20 
12 13 20 
20 
19 
10 
11 
15 
14 
11 
11 19 
16 
18 
14 
12 
20 
7 14 
18 
17 
19 
15 18 
12 
14 
12 18 
20 
9 19 
12 
9 11 16 
19 
17 
16 
12 
15 
17 
12 14 
19 
20 
20 
12 18 
13 
12 
20 
10 19 
20 
11 
8 
13 17 
5 10 
15 
12 19 
19 
13 18 19 
20 
13 20 
20 
10 
20 
9 15 20 
20 
15 
18 
20 
19 
9 19 
20 
15 15 
15 
12 19 
15 
14 17 
20 
14 18 
13 
7 17 
19 
17 
11 
20 
17 
14 
13 16 18 
19 
10 20 
13 
17 
13 
20 
13 20 
15 
16 
19 
15 
20 
18 
20 
12 18 
10 20 
12 
8 19 
7 17 
9 11 18 
20 
18 
15 17 
15 
19 
12 19 
11 
17 20 
13 20 
13 
14 
14 
16 
13 
13 18 20 
17 
13 14 
20 
19 
15 
11 
19 
4 13 14 18 
13 
19 
14 
11 
13 
20 
8 10 20 
20 
11 
10 
20 
20 
11 12 18 
15 18 20 
14 20 
20 
20 
20 
18 
20 
12 
19 
18 
11 
12 
15 
9 
16 
14 17 
10 
15 
10 17 
15 
19 
18 
17 
13 
8 19 
10 13 15 
11 20 
13 
15 
12 
20 
9 19 
16 
20 
13 
18 
19 
20 
19 
20 
12 20 
18 
11 
18 
19 
8 
20 
20 
14 
15 19 
20 
11 
17 
15 
9 19 
13 20 
20 
19 
14 
11 16 
11 14 
11 17 
18 
15 
20 
10 16 
11 
18 
16 
19 
20 
20 
19 
14 
17 
11 
19 
20 
11 
18 
15 
11 19 
8 10 20 
19 
16 
7 16 
18 
10 
20 
20 
15 17 17 
19 
18 
11 18 
11 
13 
20 
11 
11 18 
20 
19 
20 
9 20 
12 19 
17 
14 19 13 
12 
8 18 
19 
10 
10 20 
12 15 
12 
13 
15 
7 11 12 15 
20 
19 
20 
20 
17 
20 
19 
20 
19 
10 20 
17 
20 
12 
14 
19 
11 12 20 
4 14 
19 
10 12 19 
16 
19 
13 
13 
17 
12 17 
20 
12 16 18 
20 
16 
10 
12 
20 
9 19 
9 
12 
14 
9 12 
18 
20 
16 
11 18 19 
19 
13 
17 
18 
13 
11 
6 16 
19 
20 
7 13 14 20 
17 
12 
20 
10 13 20 
13 14 
15 
19 
13 20 
20 
20 
20 
20 
18 
13 14 15 18 
18 
11 
16 18 
20 
15 
12 
19 
16 
20 
14 
20 
14 
14 
17 
12 
9 14 
18 
13 20 
13 15 
20 
6 10 
13 
17 
12 13 17 18 
10 20 
11 
19 
5 11 
19 
10 20 
19 
14 19 
13 
9 11 
11 14 19 
12 
14 
20 
5 13 20 
20 
16 
11 
12 
7 16 19 
11 
12 
18 
14 
10 
13 19 
19 
20 
20 
13 
12 
13 
16 
13 
16 
19 
12 
13 13 
20 
19 
13 
15 15 
17 
20 
15 15 
14 
10 
20 
13 18 
6 11 18 
19 
17 
15 
20 
13 20 
4 9 15 
15 
20 
7 18 
7 11 20 
20 
19 
20 
11 
19 
10 
20 
10 20 
17 
17 
6 11 
12 
13 
11 
6 11 
7 11 
10 
19 
20 
13 20 
20 
15 
16 
8 18 
13 19 
15 
18 
20 
15 
16 
20 
11 
20 
18 
14 
17 
20 
20 
18 
13 17 
17 
19 
16 
13 
13 18 
20 
10 19 
8 14 
13 14 
10 
19 
9 19 
15 
20 
18 
20 
16 
10 
18 
8 12 20 
18 
15 
12 
16 18 
19 
15 
17 
19 
20 
11 
19 
15 
15 
7 13 
20 
19 
10 
11 
18 
10 
14 
9 20 
12 
16 
17 17 20 
15 
9 14 
10 20 
17 
17 
12 
7 17 
15 
15 
13 13 19 
13 
19 
18 
17 
20 
14 20 
18 
19 
6 15 
12 
16 19 
20 
18 
15 
10 14 20 
19 
20 
17 
20 
14 
16 
14 
17 
19 
18 20 
11 14 16 
16 
20 
9 19 
12 
9 19 
19 
20 12 16 
18 
13 
14 
6 16 
12 
20 
20 
12 
20 
11 
9 19 
16 
18 
19 
13 17 
12 
20 
12 
19 
10 
20 
7 13 
13 19 
14 20 
20 
17 
14 
14 
19 
18 
20 
14 
20 
19 
11 
19 
20 
18 
15 
18 17 
18 
10 20 
14 
14 13 15 19 
8 11 
16 
14 
19 
20 
8 15 
16 
14 14 15 
14 
15 
19 
13 
12 19 
11 
20 
16 
12 
12 
20 
14 
9 11 
20 
17 
17 
20 
17 
14 
18 
18 
10 20 
20 
17 
19 
20 
5 15 
13 
4 10 20 
13 
12 
9 19 
18 
15 
10 20 
18 
15 17 
10 15 18 
19 
19 
10 
15 
19 
19 
12 
20 
7 14 
11 
7 17 
13 
9 19 
13 
15 
11 
19 
6 13 18 
6 13 
5 13 
15 
7 14 
14 
20 
19 
20 
17 
19 
12 
9 15 20 
14 
11 
20 
19 
20 
12 16 
20 
17 
6 9 19 
19 
19 
20 
15 
13 
19 
14 19 
20 
10 19 
9 19 
8 18 
13 
7 17 
10 19 
20 
7 12 19 
12 
16 
18 
8 
10 20 
16 20 
20 
17 19 17 
19 
12 
13 
11 
18 
16 
14 19 
18 
19 
12 
20 
16 
8 11 20 
14 16 
20 
15 
16 
11 
12 
9 18 
12 16 
12 
18 
18 
11 12 
16 
16 
14 19 
13 15 14 20 
5 10 
19 
16 
20 
12 
20 
14 
15 
13 14 15 18 
20 
20 
15 19 
9 16 
20 
9 18 
20 
18 
10 
6 
11 
14 
12 
10 20 
14 
12 
8 18 
16 
20 
12 
20 
12 18 
18 
20 
12 19 
20 
12 
15 17 
18 
13 
11 20 
11 15 17 
11 
16 20 
15 
19 
11 
13 20 
18 
14 
11 
5 8 17 
15 
7 17 
12 
16 
20 
6 12 
15 17 
13 
11 
11 
13 
9 11 14 20 
12 18 
7 17 
19 
12 
12 
20 
20 
7 9 19 
18 
16 
20 
19 
20 
20 
19 
15 
20 
10 16 
14 
18 
8 
18 
19 
11 
20 
9 
11 
9 19 
12 
20 
18 
10 
12 
15 
13 19 
10 13 
17 20 
14 
13 
15 
11 
14 
14 
15 
9 13 18 
16 
20 
18 
13 
16 18 
20 
16 
20 
11 14 
18 
9 
17 16 19 
7 9 
10 20 
20 
19 
19 
16 
15 
14 19 
19 
20 
13 17 
16 
10 20 
19 
18 
14 
20 
15 
15 
6 14 
9 19 
13 19 
18 
17 
20 
10 20 
15 
19 
12 
13 
20 
15 
5 15 
13 
20 
13 
12 
20 
10 17 19 
14 19 
10 17 
15 19 
14 19 
16 
17 
7 10 15 18 
7 11 17 
17 19 
18 19 
13 
17 
15 
20 
18 
20 
5 7 13 
9 13 20 
14 
11 15 
20 
17 
12 
17 
13 16 
20 
18 
11 15 20 
13 18 
20 
12 
18 
15 
17 
7 
20 
16 
20 
18 
13 
14 
15 
15 
10 18 
20 
13 15 
13 20 
13 
19 
13 
19 
16 
20 
19 
20 
12 15 
9 12 15 20 
12 
18 
16 
9 17 
11 
15 
20 
16 20 
16 
19 
9 
13 
18 
9 
5 15 
9 11 18 
14 
20 
20 
9 11 13 16 
19 
8 
19 
20 
17 
15 
18 
16 
20 
15 
12 
20 
6 16 
11 
14 
18 
20 
11 
12 
20 
19 
6 12 
20 
19 
12 13 15 
18 
7 14 
12 
10 17 
19 
4 15 
18 
20 
19 
9 16 
14 
15 
20 
19 
12 
20 
12 17 
12 
19 
17 
16 
15 
12 
18 
9 17 
17 20 
20 20 
19 
10 
20 
14 
20 
16 17 
19 
18 20 
16 
16 19 
18 
20 
18 
4 14 
13 
18 
20 
18 
20 
16 19 
7 
20 
14 17 
16 
20 
8 18 
11 
18 
15 
11 
20 
20 
12 
9 
16 
9 14 
13 
15 
10 
9 19 
16 
16 
20 
15 
12 17 
7 14 
13 
11 
20 
20 
14 
15 
17 
11 
14 
20 
19 
13 17 
14 
9 18 
13 
12 
11 
18 
8 19 
13 
15 20 
14 
20 
18 
19 
8 18 
16 20 
12 
20 
12 
10 20 
14 
17 
17 
16 
11 
18 
20 
16 
18 
11 
14 
5 7 17 
19 
16 
7 14 
14 
12 
20 
15 
12 
19 
16 
19 
20 
13 
14 19 
16 
20 
16 
10 15 
19 
14 
15 
20 
17 
16 20 
20 
20 
16 
11 
17 
10 14 
13 
11 
13 16 20 
18 
17 
9 14 
12 15 20 
15 
20 
15 20 
20 
14 
15 
11 
12 15 16 
15 20 
20 
12 
8 
20 
9 19 
16 
14 
14 
19 
17 20 
18 
11 
16 
10 
18 
17 
19 
12 
6 15 18 
12 
13 
17 
15 
12 
18 
13 
12 
19 
15 
14 
19 
20 
20 
12 13 19 
10 20 
18 
20 
19 
17 
19 
19 
13 19 
16 18 
14 
15 
12 20 
9 19 
19 
12 18 
19 
14 
15 
19 
20 
4 13 
12 15 19 
20 
11 
5 16 13 20 
14 19 
20 20 
10 20 
12 18 
12 19 
10 17 
12 
11 
20 
20 
13 18 
9 15 
20 
11 
8 
11 
19 
20 
17 17 
19 
18 
18 
12 20 
20 
12 
9 15 
13 19 
14 
16 
20 
12 
14 
11 
13 13 15 
16 
18 
10 12 
15 
10 
20 
12 
20 
19 
16 19 
20 
20 
13 
10 16 17 18 
17 
12 18 
14 17 17 
19 
17 
13 
20 
18 
12 
16 
11 
15 
17 
13 
13 16 
20 
9 19 
20 
19 
15 
7 9 19 
15 20 
19 
13 
12 
15 20 
20 
16 
5 16 
7 10 14 20 
20 
12 
20 
20 
11 20 
20 
15 
14 12 
13 
13 
9 19 
19 
19 
20 
14 
13 20 
19 
8 19 
20 
20 
8 19 
20 
13 
12 13 
8 11 
20 
13 
20 
15 
14 20 
20 
19 
11 
16 
9 
20 
16 
16 18 
11 
20 
13 
18 
18 
13 
17 
11 
12 
12 
8 19 14 18 
18 
20 
16 19 
19 
18 
13 
14 
20 
19 
16 
18 
20 
18 
20 
12 19 
20 
18 
20 
18 
17 
14 
20 
15 16 
20 
8 18 
18 
20 
15 
7 12 
6 8 11 
20 
18 
13 
11 
19 
19 
14 14 20 
19 
14 
11 
8 15 
19 
13 18 
12 16 
14 15 
8 12 
20 
6 17 
7 18 
20 
20 
13 
20 
16 20 
17 
5 10 20 
9 
9 
20 
20 
9 11 19 
20 
11 
15 
14 
11 
20 
7 18 
19 
12 18 
9 19 
10 
12 
20 
19 
12 20 
11 
19 
18 20 
12 
15 20 
11 
18 
19 
15 
20 
18 
9 19 
12 
14 
15 
7 15 16 19 
5 16 
20 
20 
14 
15 19 
12 15 20 
17 
15 
12 14 
20 
17 
11 
20 
18 
10 15 
20 
12 13 
19 
20 
19 
20 
4 14 
6 14 17 
11 
16 
19 
9 
18 
19 
19 
13 
14 19 
6 16 
11 17 
14 
20 
18 
10 12 
18 
5 15 
16 
16 
16 15 
20 
15 18 
8 
8 17 
15 20 
16 
15 
19 
16 
20 
16 
18 
14 
10 
16 
20 
17 19 
11 18 
11 
17 16 
20 
13 
10 
20 
17 
20 
15 
18 
14 
19 
8 
17 
13 
14 
20 
8 11 
20 
12 20 
16 20 
9 20 
20 
16 
20 
18 
20 
12 
15 
19 13 20 
9 19 
11 
15 
17 
20 
13 
12 
12 15 
20 
8 18 
19 
11 
5 9 
16 
9 19 
20 
16 19 
20 
20 
11 
11 15 
19 
11 
20 
11 20 
17 
9 18 
16 
12 
19 
9 19 
14 
14 
14 
13 
10 
10 16 20 
15 
18 
14 18 
11 
12 
18 
12 
13 17 
20 
14 17 
17 20 
13 12 18 
10 20 
14 
20 
18 20 
6 12 
20 
20 
20 
11 12 15 
7 
13 17 
10 14 
19 
13 20 
20 
18 
17 
20 
18 
19 
16 
20 
10 
11 16 19 
19 
5 10 20 
11 20 
10 20 
8 19 
11 16 
19 
20 
19 
15 
14 17 
12 
11 
12 
20 
20 
11 
14 
19 
11 
19 
18 
15 
12 15 20 
19 
20 
15 
19 
13 19 
13 18 
19 
19 
13 
19 
12 
20 
20 
20 
18 
9 11 
20 
10 20 
13 
15 
19 
18 
4 9 19 
12 
13 14 20 20 
13 
18 
10 
18 
18 
19 
10 20 
9 20 
13 
8 11 
12 15 20 
14 
19 
20 
19 
10 16 
12 
15 
10 
17 
20 
20 
12 14 
8 18 
17 
19 
11 
14 
19 
15 
20 
11 
19 
7 11 
12 
20 
13 17 18 
18 
13 
12 
15 
10 18 
19 
14 20 
12 
12 15 
8 19 
20 
10 12 13 
4 11 
19 
11 
14 16 17 19 
17 
8 18 
19 
12 
13 
20 
20 
18 
12 
19 
16 
15 19 
17 
14 17 18 20 
14 
11 
11 14 
5 11 20 
10 15 18 
7 17 
10 
13 
19 
12 16 
13 
19 
13 17 
11 12 20 
17 
13 
9 14 18 
18 18 
14 
15 
15 
9 11 15 
18 
13 
20 
16 16 
14 15 20 
12 
7 9 13 20 
14 
20 
12 16 
16 
15 
19 
9 13 
16 
20 
13 13 
9 18 
18 
13 12 19 
12 19 
10 
20 
11 
18 
20 
20 
14 
16 
10 12 
8 11 
20 
20 
18 
20 
13 19 
20 
8 18 
19 
14 
6 12 18 
13 
18 20 
20 
17 
10 
14 20 
13 
20 
12 20 
10 19 
15 
14 17 
20 
11 
13 
11 15 
12 
14 
20 
15 
12 
12 
20 
12 15 
16 
6 9 14 
18 
10 19 
13 13 
15 20 
18 
18 18 20 
17 
20 
13 
20 
17 
16 20 
14 
11 
19 
10 
20 
16 
20 
11 
20 
10 20 
12 
20 
17 
19 
8 
9 19 
14 
18 
13 
20 
15 20 
20 
12 
12 14 
18 
14 
20 
20 
19 12 20 
10 12 
20 
12 19 
11 14 19 
18 
12 15 15 20 
14 
20 
19 
19 
20 
14 16 18 20 17 
6 14 
15 17 
11 14 15 18 
20 
13 16 
20 
20 
19 
10 20 
11 
20 
20 
20 
10 20 
12 
14 
13 19 
19 
7 9 
18 
17 
18 
15 
7 9 19 
12 15 16 
15 
11 
9 19 
20 
6 16 
16 20 
13 
4 14 
19 
10 20 
7 11 19 
11 20 
13 
13 
8 17 
17 
20 
14 
17 
13 
16 
11 
17 12 14 19 
13 
14 
6 12 13 
14 
18 
12 16 
14 
13 19 
8 14 
12 19 
14 
12 20 
9 11 
17 
16 
20 
8 18 
5 14 
15 19 14 
19 
10 20 
17 20 
12 
13 
11 13 
17 
14 19 
19 
16 
15 
12 19 
20 
18 
17 
9 20 
17 
20 
17 
18 
12 
19 
20 
11 20 
11 
18 
13 19 
17 
20 
18 
13 
7 17 
13 19 
7 17 
20 
19 
12 14 
10 17 
14 
13 
16 
14 
9 19 
6 16 
19 
9 
17 
20 
8 12 
10 
11 14 
20 
11 
18 
13 20 
12 
20 
18 
20 
9 17 20 
12 
15 
13 19 
15 
18 
11 
16 16 
14 
19 
13 
15 
11 
9 19 
20 
14 
11 20 
20 
11 14 
8 10 
14 
11 
15 
20 
14 
19 
19 
12 20 
19 
19 
11 18 19 
10 20 
15 
20 
19 
13 
16 
11 17 
17 
20 
15 
20 
13 16 20 
10 
11 
17 
9 20 
12 
14 17 
14 19 
14 
7 11 
11 
12 
19 
14 
14 
11 
9 15 
15 
17 
18 
14 17 
18 
8 14 
13 19 
19 
16 16 18 
20 
12 19 
19 
19 
8 11 
16 17 20 
19 
7 17 18 
20 
18 
13 16 20 
20 
11 
16 
20 
20 
12 
20 
11 
15 14 16 
18 
20 
11 
12 18 
13 
19 
15 
12 
12 
12 
12 15 
20 
20 
20 
12 
20 
19 
20 
7 15 
13 
11 
20 
19 
12 
15 
9 19 
19 
18 
17 
20 
19 
19 
15 19 
20 
19 
13 17 
10 20 
20 
18 
7 14 
17 
15 
19 
17 
15 
17 
20 
12 20 
12 
19 
20 
14 18 
10 12 
18 20 
12 
13 18 
16 13 15 19 
7 18 
17 
11 
14 
13 
19 
13 18 20 
13 
16 
19 
12 
14 17 19 
15 
20 
13 
19 
20 
20 
11 
9 11 
18 
5 12 14 
20 
13 14 
14 
16 
18 
10 
18 
19 
9 19 
20 
13 
7 17 
15 19 
12 
16 
11 
13 
20 
17 
11 
12 
12 
20 
12 19 
19 
18 
13 
16 
15 
12 13 20 
13 19 
20 
16 
20 
14 
9 17 
11 14 18 
17 
5 15 
8 13 
10 18 
17 
12 
14 
12 
14 20 
10 
17 
11 
9 11 
19 
10 20 
